   6.2352319e+00   4.2721348e-01   3.7267887e-02
   6.0697889e+00   7.3082718e-02   5.0033113e-02
   6.7103203e+00   9.7909609e-02   7.3280129e-02
   4.7995857e+00   3.0531572e-01  -8.4562321e-02
   5.0815471e+00   3.2902163e-01   2.8116511e-02
   6.0101511e+00   4.5478525e-02   8.6907397e-02
   6.0095220e+00   4.3999736e-02   8.7023906e-02
   5.6016460e+00   9.9157043e-02  -7.2430598e-02
   4.2487291e+00   1.2012426e-01  -8.2112269e-02
   5.4180058e+00  -1.4449271e-01  -1.0957436e-01
   6.1374481e+00   3.1653497e-01   9.9718777e-02
   5.8894692e+00   2.2613188e-01   9.6360433e-02
   4.9382961e+00  -2.4988179e-01   5.8747347e-02
   6.6089911e+00   1.5854674e-01   6.7694825e-02
   4.0882935e+00   1.8239533e-01  -6.3138666e-02
   6.6295555e+00   1.4025865e-01   3.0675021e-02
   5.9960264e+00   5.2473082e-01   1.0154453e-01
   5.6830965e+00   7.2620873e-02   1.2441288e-01
   5.6831188e+00   1.0069552e-01  -8.4459432e-02
   4.5548874e+00  -5.9864491e-01  -2.5631479e-01
   5.5638361e+00   9.0408421e-02  -1.4782059e-01
   4.4593960e+00  -4.0248283e-02   3.5954392e-02
   6.2285327e+00   6.0922629e-02   1.0636250e-01
   4.3382494e+00  -7.1515429e-02  -2.0383688e-01
   4.8589405e+00  -2.7915881e-01   5.7450345e-02
   5.5791148e+00   1.8072743e-01  -7.7360320e-02
   6.6668702e+00   1.9639436e-01   7.2642352e-02
   4.8873183e+00   3.4069295e-01  -4.2697617e-02
   6.0967269e+00   2.9792059e-01   9.6649706e-02
   5.0006225e+00  -3.0900101e-01  -1.4093054e-01
   5.1193774e+00   4.1708110e-01  -4.6071909e-02
   5.7386032e+00  -1.8297783e-01  -5.3722794e-02
   6.8512029e+00   8.6946334e-02  -4.1600915e-02
   6.2808230e+00   6.2831181e-02  -3.7133247e-02
   5.5637468e+00   9.0070829e-02  -1.4811431e-01
   4.5545018e+00  -1.7650764e-01   4.2684146e-02
   5.8096784e+00  -6.6932605e-02   8.6599530e-02
   5.5637209e+00   8.9194412e-02  -1.4878641e-01
   6.7174501e+00   8.8063895e-02  -5.7178655e-02
   5.0508572e+00  -3.8658498e-01  -2.3482160e-01
   4.1953675e+00   8.3377962e-02  -7.2059306e-02
   5.4374721e+00   3.0614917e-01  -6.1219185e-02
   5.2882459e+00  -1.8963688e-01  -1.9917926e-01
   5.6491142e+00   2.6282094e-01  -1.2217592e-01
   6.2272158e+00   3.0451990e-01   9.0440609e-02
   6.1888970e+00   2.0011608e-01   1.7103141e-02
   4.6216068e+00   4.0903739e-01   3.1401212e-02
   5.9893611e+00   7.7703424e-02   2.8734531e-02
   6.7030268e+00   1.4006519e-01   9.1015600e-02
   4.2691758e+00   8.0939380e-02   6.2958128e-02
   6.1258384e+00   3.1109344e-01   1.0167153e-01
   4.8691776e+00  -2.7392059e-01   5.7135268e-02
   5.4980953e+00   1.9701400e-01  -1.4041045e-01
   4.8639865e+00  -2.7688068e-01   5.7799254e-02
   5.7550356e+00   4.0289797e-01  -2.0121273e-02
   4.7890581e+00   3.1794630e-01  -5.5520723e-02
   5.6484396e+00   2.0766180e-01  -7.4878529e-02
   6.1654333e+00   3.8049608e-01   8.0199365e-02
   4.9330911e+00   6.1619606e-01   1.3623125e-01
   5.4647421e+00   2.7665521e-01  -7.7320946e-02
   5.6447299e+00   4.6157262e-02  -1.4447032e-01
   5.5885579e+00   1.8591084e-01  -7.7595423e-02
   5.4138352e+00  -2.7439375e-01   6.5564263e-02
   5.4800653e+00   2.8724654e-01  -1.0108569e-01
   5.6002563e+00  -2.1793576e-01  -7.2990634e-02
   6.2040175e+00   2.9411511e-01   8.3387668e-02
   5.5547668e+00   3.1672570e-01  -9.2934988e-02
   4.0139575e+00  -6.4061136e-02  -1.3104201e-01
   5.2009437e+00   1.1944486e-01  -1.3425803e-01
   5.5414087e+00   2.8445504e-01  -8.9615007e-02
   5.6436352e+00   2.0823229e-01  -7.5921275e-02
   5.4218877e+00   2.4278070e-01   1.0824837e-01
   5.4773709e+00   2.8612961e-01  -5.8399370e-02
   5.5941500e+00   1.1378012e-01  -1.4172837e-01
   5.7003678e+00   6.9543487e-02   1.1930885e-01
   5.4530665e+00  -2.8680871e-01   6.8293017e-02
   5.6435119e+00  -1.5317152e-01  -3.7020267e-03
   4.8725202e+00  -2.7219212e-01   5.7373216e-02
   5.2281750e+00  -3.0205251e-01  -4.9442582e-02
   5.6774657e+00   6.2092161e-02   1.2893002e-01
   4.0059406e+00  -7.9522872e-01  -1.2324122e-01
   4.9481460e+00   4.0589114e-01   1.5248319e-02
   5.0868829e+00   4.7937144e-02  -1.3627727e-01
   4.0418333e+00  -7.4935202e-01  -1.2519094e-01
   5.4801145e+00   2.8726419e-01  -1.0106295e-01
   5.5773894e+00   4.1032183e-01  -1.9977630e-03
   5.9556746e+00   4.9873767e-01   6.0152936e-02
   4.8177406e+00   3.3908693e-01   5.6896037e-02
   5.5618987e+00   3.3003503e-01  -9.3635808e-02
   5.5458820e+00  -8.7192713e-02  -1.7586395e-05
   6.2155110e+00   6.1281729e-01   4.5723435e-02
   6.7411923e+00   3.3403770e-01   8.7973949e-02
   4.1606488e+00   2.3110169e-01  -6.4786958e-02
   6.0574524e+00   4.4813474e-01   1.0999783e-01
   5.8555056e+00  -2.0637734e-01  -3.8995994e-02
   5.7055745e+00   2.5600634e-01  -8.0166274e-02
   4.7978064e+00   3.0239527e-01  -9.5588787e-02
   6.0070332e+00   4.4120153e-02   8.7291225e-02
   5.1096274e+00   4.1156734e-01   8.6821139e-02
   5.1468954e+00   3.6623909e-01   7.4594331e-02
