   6.2498502e+00   1.0567703e-01
   6.0702289e+00   6.2072937e-02
   6.7110345e+00   8.7869993e-02
   4.8092870e+00  -2.1034987e-02
   5.0921878e+00   9.2774574e-02
   6.0103232e+00   9.4474204e-02
   6.0096831e+00   9.4345445e-02
   5.6025236e+00  -5.4731035e-02
   4.2504269e+00  -5.3846812e-02
   5.4199322e+00  -1.3623702e-01
   6.1456052e+00   1.5124748e-01
   5.8938089e+00   1.3473755e-01
   4.9446142e+00   8.1896565e-03
   6.6108926e+00   9.1679777e-02
   4.0923602e+00  -1.8554182e-02
   6.6310390e+00   5.1828435e-02
   6.0189431e+00   1.8883524e-01
   5.6835605e+00   1.3719059e-01
   5.6840108e+00  -6.6742931e-02
   4.5940587e+00  -3.8699492e-01
   5.5645706e+00  -1.3157273e-01
   4.4595776e+00   2.6929136e-02
   6.2288307e+00   1.1614340e-01
   4.3388388e+00  -2.2032024e-01
   4.8669531e+00   6.0824260e-05
   5.5820412e+00  -4.4978077e-02
   6.6697622e+00   1.0209209e-01
   4.8991786e+00   2.6899385e-02
   6.1040016e+00   1.4547653e-01
   5.0101604e+00  -2.0264458e-01
   5.1363393e+00   3.5219609e-02
   5.7415196e+00  -8.5597424e-02
   6.8517546e+00  -2.8910929e-02
   6.2811372e+00  -2.7129926e-02
   5.5644759e+00  -1.3192685e-01
   4.5579208e+00   3.9489863e-03
   5.8100639e+00   7.5079161e-02
   5.5644358e+00  -1.3275635e-01
   6.7180273e+00  -4.4069685e-02
   5.0656300e+00  -3.1121115e-01
   4.1961959e+00  -5.2188106e-02
   5.4460839e+00  -4.9749848e-03
   5.2916450e+00  -2.3502397e-01
   5.6552247e+00  -7.5685167e-02
   6.2346570e+00   1.3930314e-01
   6.1921315e+00   4.9426572e-02
   4.6396725e+00   1.1967665e-01
   5.9898652e+00   4.1707378e-02
   6.7044900e+00   1.1190837e-01
   4.2699430e+00   8.1914875e-02
   6.1337326e+00   1.5241176e-01
   4.8768763e+00   9.3847387e-04
   5.5016240e+00  -1.0459264e-01
   4.8718608e+00   9.3598101e-04
   5.7691214e+00   4.9772592e-02
   4.7996007e+00   1.0772147e-02
   5.6522556e+00  -3.8130626e-02
   6.1771632e+00   1.4183560e-01
   4.9714269e+00   2.6049836e-01
   5.4717405e+00  -2.6738646e-02
   5.6449186e+00  -1.3629345e-01
   5.5916493e+00  -4.4341352e-02
   5.4207844e+00   1.4923794e-02
   5.4875884e+00  -4.8716986e-02
   5.6044952e+00  -1.1188633e-01
   6.2109852e+00   1.3075940e-01
   5.5637891e+00  -3.5977938e-02
   4.0144687e+00  -1.4700025e-01
   5.2023151e+00  -1.1129606e-01
   5.5487048e+00  -3.8327400e-02
   5.6474755e+00  -3.9041168e-02
   5.4273206e+00   1.5299636e-01
   5.4848393e+00  -6.2083142e-03
   5.5953070e+00  -1.2139205e-01
   5.7007920e+00   1.3150807e-01
   5.4606038e+00   1.5745577e-02
   5.6455901e+00  -3.0836535e-02
   4.8801170e+00   1.5685201e-03
   5.2368931e+00  -1.0715242e-01
   5.6778052e+00   1.3986618e-01
   4.0841093e+00  -3.1920595e-01
   4.9647655e+00   9.7094009e-02
   5.0871087e+00  -1.2685387e-01
   4.1107110e+00  -3.0850852e-01
   5.4876385e+00  -4.8691508e-02
   5.5924625e+00   7.1438737e-02
   5.9765207e+00   1.4369960e-01
   4.8296588e+00   1.2716314e-01
   5.5716820e+00  -3.4366752e-02
   5.5465674e+00  -1.5738355e-02
   6.2456483e+00   1.4400064e-01
   6.7494633e+00   1.3748518e-01
   4.1670620e+00  -9.2993468e-03
   6.0740065e+00   1.8384403e-01
   5.8591413e+00  -7.4226420e-02
   5.7113150e+00  -3.5326838e-02
   4.8073266e+00  -3.2644229e-02
   6.0071952e+00   9.4635842e-02
   5.1261760e+00   1.6719505e-01
   5.1599093e+00   1.4563188e-01
